[gd_scene load_steps=33 format=3 uid="uid://e6jwbml72r4o"]

[ext_resource type="Environment" uid="uid://bqnqgflivjvue" path="res://scenes/main-environment.tres" id="1_apxki"]
[ext_resource type="PackedScene" uid="uid://dl2ed4gkybggf" path="res://objects/player.tscn" id="2_hgw2l"]
[ext_resource type="Script" path="res://scripts/view.gd" id="3_xcrwe"]
[ext_resource type="PackedScene" uid="uid://bpharv43ulngb" path="res://objects/platform_moving.tscn" id="4_5ex8m"]
[ext_resource type="PackedScene" uid="uid://bdm3quh21j64k" path="res://objects/platform_large.tscn" id="5_ly2vk"]
[ext_resource type="PackedScene" uid="uid://bs65o07otxbmm" path="res://objects/moving_object_path_3d.tscn" id="6_fuduw"]
[ext_resource type="PackedScene" uid="uid://dhxok27jxvik8" path="res://objects/flag.tscn" id="7_dhnka"]
[ext_resource type="PackedScene" uid="uid://dwvhgrcyestak" path="res://objects/trap_spikes.tscn" id="11_s1f4a"]
[ext_resource type="PackedScene" uid="uid://g73m8k0j7lyo" path="res://objects/button.tscn" id="12_kk8bf"]
[ext_resource type="PackedScene" uid="uid://0v6t454aaexr" path="res://objects/door.tscn" id="13_2py5d"]
[ext_resource type="PackedScene" uid="uid://cxea8lmw7cy1l" path="res://objects/player_kill_volume.tscn" id="14_6of3h"]
[ext_resource type="PackedScene" uid="uid://cyvet7kb6y80r" path="res://objects/checkpoint.tscn" id="15_4nog2"]
[ext_resource type="PackedScene" uid="uid://cnymdajj1vsqm" path="res://objects/platform.tscn" id="16_82380"]
[ext_resource type="PackedScene" uid="uid://rjh4ifidqrfp" path="res://objects/platform_medium.tscn" id="17_qgsha"]
[ext_resource type="PackedScene" uid="uid://c8up71en5djgm" path="res://objects/platform_falling.tscn" id="18_x8jhr"]
[ext_resource type="PackedScene" uid="uid://uqr4hswv6d2g" path="res://objects/platform_grass_large_round.tscn" id="19_qait6"]
[ext_resource type="PackedScene" uid="uid://dfpisimsgf5ce" path="res://objects/coin.tscn" id="20_lfsn4"]
[ext_resource type="PackedScene" uid="uid://dy017k58p20sk" path="res://objects/cloud.tscn" id="21_dryjk"]
[ext_resource type="Script" path="res://scripts/hud.gd" id="22_1dx8f"]
[ext_resource type="Texture2D" uid="uid://cd7oyc56ehkx1" path="res://sprites/coin.png" id="23_324j0"]
[ext_resource type="LabelSettings" uid="uid://daohhjonjrdx8" path="res://themes/label_settings.tres" id="24_6hsja"]
[ext_resource type="PackedScene" uid="uid://dbr3dh46cbskt" path="res://objects/wall.tscn" id="25_ow4b3"]
[ext_resource type="FontFile" uid="uid://d0cxd77jybrcn" path="res://fonts/lilita_one_regular.ttf" id="25_vfu23"]
[ext_resource type="Script" path="res://scenes/animatable_body_3d.gd" id="26_iahu0"]
[ext_resource type="Theme" uid="uid://d3avl0mr4r87l" path="res://themes/default_theme.tres" id="26_xw2uw"]
[ext_resource type="Texture2D" uid="uid://dm50aa4qogm65" path="res://sprites/button_rectangle_depth_gloss.png" id="27_ct75u"]
[ext_resource type="PackedScene" path="res://objects/trampoline.tscn" id="27_q1cxq"]

[sub_resource type="CameraAttributesPractical" id="CameraAttributesPractical_u8ojw"]
auto_exposure_scale = 0.75
dof_blur_far_distance = 0.01

[sub_resource type="Curve3D" id="Curve3D_5n82a"]
_data = {
"points": PackedVector3Array(0, 0, 0, 0, 0, 0, -25.545, 2.4, -1.4, 0, 0, 0, 0, 0, 0, -19, 2.4, -1.4),
"tilts": PackedFloat32Array(0, 0)
}
point_count = 2

[sub_resource type="LabelSettings" id="LabelSettings_ri8jt"]
font = ExtResource("25_vfu23")
font_size = 128
shadow_color = Color(0, 0, 0, 0.376471)
shadow_offset = Vector2(2, 2)

[sub_resource type="LabelSettings" id="LabelSettings_x4d2s"]
font = ExtResource("25_vfu23")
font_size = 32
shadow_color = Color(0, 0, 0, 0.376471)
shadow_offset = Vector2(2, 2)

[sub_resource type="LabelSettings" id="LabelSettings_v6r7m"]
font = ExtResource("25_vfu23")
font_size = 42
shadow_color = Color(0, 0, 0, 0.376471)
shadow_offset = Vector2(2, 2)

[node name="Main" type="Node3D"]

[node name="Environment" type="WorldEnvironment" parent="."]
unique_name_in_owner = true
environment = ExtResource("1_apxki")
camera_attributes = SubResource("CameraAttributesPractical_u8ojw")

[node name="Player" parent="." node_paths=PackedStringArray("view") instance=ExtResource("2_hgw2l")]
transform = Transform3D(-0.999917, 2.13006e-11, -0.0129153, 2.09387e-11, 1, 2.81607e-11, 0.0129153, 2.789e-11, -0.999917, -69.9735, 26.749, -9.35919)
view = NodePath("../View")

[node name="View" type="Node3D" parent="." node_paths=PackedStringArray("target") groups=["View"]]
process_mode = 3
transform = Transform3D(0.996195, 0.0254819, -0.0833474, 0, 0.956305, 0.292372, 0.0871557, -0.291259, 0.952666, 0, 0, 0)
script = ExtResource("3_xcrwe")
target = NodePath("../Player")

[node name="Camera" type="Camera3D" parent="View"]
transform = Transform3D(1, 0, 0, 0, 1, 0, 0, 0, 1, 0, 0, 10)
current = true
fov = 55.0

[node name="World" type="Node3D" parent="."]

[node name="platform-moving" parent="World" instance=ExtResource("4_5ex8m")]
transform = Transform3D(1, 0, 0, 0, 1, 0, 0, 0, 1, -119.669, -1.90735e-06, 0.627823)
visible = false

[node name="platform-large" parent="World" instance=ExtResource("5_ly2vk")]
transform = Transform3D(1, 0, 0, 0, 1, 0, 0, 0, 1, -117.829, 2.11817, -1.1764)

[node name="platform-large23" parent="World" instance=ExtResource("5_ly2vk")]
transform = Transform3D(1, 0, 0, 0, 1, 0, 0, 0, 1, -45.1042, 8.5, 28.173)

[node name="platform-large31" parent="World" instance=ExtResource("5_ly2vk")]
transform = Transform3D(1, 0, 0, 0, 1, 0, 0, 0, 1, -47.9596, 10, 32.0292)

[node name="platform-large32" parent="World" instance=ExtResource("5_ly2vk")]
transform = Transform3D(1, 0, 0, 0, 1, 0, 0, 0, 1, -48.7754, 12.6396, 40.1813)

[node name="platform-large36" parent="World" instance=ExtResource("5_ly2vk")]
transform = Transform3D(1, 0, 0, 0, 1, 0, 0, 0, 1, -49.9312, 11.7197, 35.6943)

[node name="platform-large33" parent="World" instance=ExtResource("5_ly2vk")]
transform = Transform3D(1.6, 0, 0, 0, 1, 0, 0, 0, 1.5, -42.9967, 13.5, 43.4746)

[node name="platform-large44" parent="World" instance=ExtResource("5_ly2vk")]
transform = Transform3D(1.36, 0, 0, 0, 1, 0, 0, 0, 1.275, -42.9967, 13.6929, 43.4746)

[node name="platform-large24" parent="World" instance=ExtResource("5_ly2vk")]
transform = Transform3D(1, 0, 0, 0, 1, 0, 0, 0, 1, -42.5502, 7, 21.5907)

[node name="platform-large51" parent="World" instance=ExtResource("5_ly2vk")]
transform = Transform3D(1, 0, 0, 0, 1, 0, 0, 0, 1, -43.5502, 7, 26.5907)

[node name="platform-large25" parent="World" instance=ExtResource("5_ly2vk")]
transform = Transform3D(1, 0, 0, 0, 1, 0, 0, 0, 1, -44.9745, 1, 19.1686)

[node name="platform-large49" parent="World" instance=ExtResource("5_ly2vk")]
transform = Transform3D(1, 0, 0, 0, 1, 0, 0, 0, 1, -44.9745, 2, 14.1686)

[node name="platform-large50" parent="World" instance=ExtResource("5_ly2vk")]
transform = Transform3D(1, 0, 0, 0, 1, 0, 0, 0, 1, -43.9745, 3, 9.16863)

[node name="platform-large48" parent="World" instance=ExtResource("5_ly2vk")]
transform = Transform3D(1, 0, 0, 0, 1, 0, 0, 0, 1, -39.9745, 1, 19.1686)

[node name="platform-large47" parent="World" instance=ExtResource("5_ly2vk")]
transform = Transform3D(1, 0, 0, 0, 1, 0, 0, 0, 1, -42.5935, 6.93781, 15.2806)

[node name="platform-large26" parent="World" instance=ExtResource("5_ly2vk")]
transform = Transform3D(1, 0, 0, 0, 1, 0, 0, 0, 1, -39.6972, 4.5, 11.4828)

[node name="platform-large27" parent="World" instance=ExtResource("5_ly2vk")]
transform = Transform3D(1, 0, 0, 0, 1, 0, 0, 0, 1, -38.9837, 3, 7.20372)

[node name="platform-large28" parent="World" instance=ExtResource("5_ly2vk")]
transform = Transform3D(1, 0, 0, 0, 1, 0, 0, 0, 1, -35.9098, 2, 3.41659)

[node name="platform-large29" parent="World" instance=ExtResource("5_ly2vk")]
transform = Transform3D(1, 0, 0, 0, 1, 0, 0, 0, 1, -32.9831, 2, -1.4613)

[node name="platform-large30" parent="World" instance=ExtResource("5_ly2vk")]
transform = Transform3D(1, 0, 0, 0, 1, 0, 0, 0, 1, -31.2093, 2, -6.47222)

[node name="platform-large2" parent="World" instance=ExtResource("5_ly2vk")]
transform = Transform3D(1, 0, 0, 0, 1, 0, 0, 0, 1, -137.828, 2.20127, -8.90485)

[node name="platform-large20" parent="World" instance=ExtResource("5_ly2vk")]
transform = Transform3D(1, 0, 0, 0, 1, 0, 0, 0, 2.15247, -34.0299, 2.36354, -25.7546)

[node name="platform-large41" parent="World" instance=ExtResource("5_ly2vk")]
transform = Transform3D(1, 0, 0, 0, 1, 0, 0, 0, 2.64865, -34.0299, 2.39346, -31.0146)

[node name="platform-large42" parent="World" instance=ExtResource("5_ly2vk")]
transform = Transform3D(0.799444, 0, 0, 0, 1, 0, 0, 0, 0.812405, -34.0299, 3.02764, -34.1142)

[node name="platform-large21" parent="World" instance=ExtResource("5_ly2vk")]
transform = Transform3D(2.49768, 0, 0, 0, 1, 0, 0, 0, 3.68307, -34.0299, 2.20127, -30.8206)

[node name="platform-large43" parent="World" instance=ExtResource("5_ly2vk")]
transform = Transform3D(-1.24884, 0.866025, 0, -2.16305, -0.5, 0, 0, 0, 3.87354, -28.9955, 2.20127, -33.8582)

[node name="platform-large46" parent="World" instance=ExtResource("5_ly2vk")]
transform = Transform3D(1.24884, -0.866025, 3.38635e-07, -2.16305, -0.5, 0, 1.09177e-07, -7.57103e-08, -3.87354, -39.318, 2.20127, -33.8582)

[node name="platform-large45" parent="World" instance=ExtResource("5_ly2vk")]
transform = Transform3D(1.19053e-07, -2.2954e-08, 3.33892, -2.16305, -0.5, 0, 1.24884, -0.866025, -1.45949e-07, -34.3217, 2.20127, -38.036)

[node name="platform-large4" parent="World" instance=ExtResource("5_ly2vk")]
transform = Transform3D(3, 0, 0, 0, 3, 0, 0, 0, 3, -34.0299, 1.37087, -14.8491)

[node name="platform-large5" parent="World" instance=ExtResource("5_ly2vk")]
transform = Transform3D(0.284301, 0, 0, 0, -1.31134e-07, -2.32144, 0, 3, -1.01473e-07, -35.2362, 1.34127, -20.9832)

[node name="platform-large6" parent="World" instance=ExtResource("5_ly2vk")]
transform = Transform3D(0.284301, 0, 0, 0, -1.31134e-07, -2.32144, 0, 3, -1.01473e-07, -32.4727, 1.34127, -20.9832)

[node name="platform-large37" parent="World" instance=ExtResource("5_ly2vk")]
transform = Transform3D(0.176508, 2.21685e-08, 0.191727, 0.0709058, -5.51848e-08, -0.477274, 1.33819e-16, 1.36054, -2.24826e-08, -33.1824, 5.46351, -20.4965)

[node name="platform-large38" parent="World" instance=ExtResource("5_ly2vk")]
transform = Transform3D(0.227427, -7.55288e-09, -0.215532, -0.0609388, -5.73699e-08, -0.804375, -1.30707e-09, 1.36054, -3.51145e-08, -34.677, 4.85653, -20.4131)

[node name="platform-large39" parent="World" instance=ExtResource("5_ly2vk")]
transform = Transform3D(0.17847, -3.16948e-08, -0.341875, -0.153574, -4.84126e-08, -0.397298, -1.30707e-09, 1.36054, -2.21015e-08, -34.2789, 5.17699, -20.4532)

[node name="platform-large40" parent="World" instance=ExtResource("5_ly2vk")]
transform = Transform3D(0.164253, -2.14291e-08, 0.375533, 0.168693, -5.37507e-08, -0.365649, 9.2516e-09, 1.36054, -8.53084e-09, -33.1716, 4.87709, -20.5395)

[node name="platform-large7" parent="World" instance=ExtResource("5_ly2vk")]
transform = Transform3D(0.36827, 0, 0, 0, -1.31134e-07, -2.6522, 0, 3, -1.15931e-07, -35.6443, 2.84127, -21.6675)

[node name="platform-large8" parent="World" instance=ExtResource("5_ly2vk")]
transform = Transform3D(0.36827, 0, 0, 0, -1.31134e-07, -2.6522, 0, 3, -1.15931e-07, -32.0646, 2.84127, -21.6675)

[node name="platform-large9" parent="World" instance=ExtResource("5_ly2vk")]
transform = Transform3D(0.524362, 0, 0, 0, -1.31134e-07, -2.6522, 0, 3, -1.15931e-07, -36.4029, 4.34127, -22.5709)

[node name="platform-large10" parent="World" instance=ExtResource("5_ly2vk")]
transform = Transform3D(0.524362, 0, 0, 0, -1.31134e-07, -2.6522, 0, 3, -1.15931e-07, -31.306, 4.34127, -22.5709)

[node name="platform-large11" parent="World" instance=ExtResource("5_ly2vk")]
transform = Transform3D(0.714772, 0, 0, 0, -1.31134e-07, -2.6522, 0, 3, -1.15931e-07, -37.3283, 6.34127, -23.5123)

[node name="platform-large12" parent="World" instance=ExtResource("5_ly2vk")]
transform = Transform3D(0.714772, 0, 0, 0, -1.31134e-07, -2.6522, 0, 3, -1.15931e-07, -30.3805, 6.34127, -23.5123)

[node name="platform-large13" parent="World" instance=ExtResource("5_ly2vk")]
transform = Transform3D(0.987447, 0, 0, 0, -1.31134e-07, -2.6522, 0, 3, -1.15931e-07, -38.6536, 8.34127, -24.473)

[node name="platform-large14" parent="World" instance=ExtResource("5_ly2vk")]
transform = Transform3D(0.987447, 0, 0, 0, -1.31134e-07, -2.6522, 0, 3, -1.15931e-07, -29.0553, 8.34127, -24.473)

[node name="platform-large15" parent="World" instance=ExtResource("5_ly2vk")]
transform = Transform3D(8.65783, 0, 0, 0, -1.31134e-07, -2.83679, 0, 3, -1.24e-07, -7.02555, 7.94637, -25.5631)

[node name="platform-large16" parent="World" instance=ExtResource("5_ly2vk")]
transform = Transform3D(8.65783, 0, 0, 0, -1.31134e-07, -2.83679, 0, 3, -1.24e-07, -60.0256, 7.94637, -25.5631)

[node name="platform-large22" parent="World" instance=ExtResource("5_ly2vk")]
transform = Transform3D(3.28023, 2.77635, -3.32791e-07, 1.83337e-21, -1.31134e-07, -8.2267, -8.01237, 1.13662, -1.36244e-07, -109.444, -5.74772, 7.60504)

[node name="platform-large34" parent="World" instance=ExtResource("5_ly2vk")]
transform = Transform3D(3.28023, 2.77635, -3.32791e-07, 1.83337e-21, -1.31134e-07, -8.2267, -8.01237, 1.13662, -1.36244e-07, -93.3905, -5.74772, -31.6943)

[node name="platform-large35" parent="World" instance=ExtResource("5_ly2vk")]
transform = Transform3D(8.65771, 0.0156554, -1.8765e-09, -2.58866e-14, -1.31134e-07, -8.2267, -0.0451808, 2.99996, -3.59595e-07, -102.381, -5.92384, -25.9792)

[node name="platform-large17" parent="World" instance=ExtResource("5_ly2vk")]
transform = Transform3D(8.65783, 0, 0, 0, -1.31134e-07, -6.52041, 0, 3, -2.85016e-07, -60.5256, -14.8936, -26.0631)

[node name="platform-large18" parent="World" instance=ExtResource("5_ly2vk")]
transform = Transform3D(8.65783, 0, 0, 0, -1.31134e-07, -6.52041, 0, 3, -2.85016e-07, -7.02555, -15.3936, -26.0631)

[node name="platform-large19" parent="World" instance=ExtResource("5_ly2vk")]
transform = Transform3D(8.65783, 0, 0, 0, -1.31134e-07, -6.52041, 0, 3, -2.85016e-07, -32.0256, -15.3936, -26.5631)

[node name="moving_object_path" parent="World" node_paths=PackedStringArray("object_to_move") instance=ExtResource("6_fuduw")]
curve = SubResource("Curve3D_5n82a")
object_to_move = NodePath("../platform-moving")
is_on_from_start = false
ping_pong = true

[node name="flag" parent="World" instance=ExtResource("7_dhnka")]
transform = Transform3D(0.707107, 0, -0.707107, 0, 1, 0, 0.707107, 0, 0.707107, -137.95, 2.7273, -8.92648)

[node name="trap-spikes3" parent="World" instance=ExtResource("11_s1f4a")]
transform = Transform3D(1, 0, 0, 0, 1, 0, 0, 0, 1, 1.06714, 8.75436, -7.52912)

[node name="trap-spikes4" parent="World" instance=ExtResource("11_s1f4a")]
transform = Transform3D(1, 0, 0, 0, 1, 0, 0, 0, 1, 0.0671413, 8.75436, -7.52912)

[node name="trap-spikes5" parent="World" instance=ExtResource("11_s1f4a")]
transform = Transform3D(1, 0, 0, 0, 1, 0, 0, 0, 1, 1.06714, 8.75436, -6.52912)

[node name="trap-spikes19" parent="World" instance=ExtResource("11_s1f4a")]
transform = Transform3D(-0.753678, 0, -0.657244, 0, 1, 0, 0.657244, 0, -0.753678, -65.5724, 9.14649, -2.86888)

[node name="trap-spikes20" parent="World" instance=ExtResource("11_s1f4a")]
transform = Transform3D(-0.753678, 0, -0.657244, 0, 1, 0, 0.657244, 0, -0.753678, -64.8187, 9.14649, -3.52612)

[node name="trap-spikes21" parent="World" instance=ExtResource("11_s1f4a")]
transform = Transform3D(-0.753678, 0, -0.657244, 0, 1, 0, 0.657244, 0, -0.753678, -64.065, 9.14649, -4.18336)

[node name="trap-spikes22" parent="World" instance=ExtResource("11_s1f4a")]
transform = Transform3D(-0.753678, 0, -0.657244, 0, 1, 0, 0.657244, 0, -0.753678, -63.3113, 9.14649, -4.84061)

[node name="trap-spikes23" parent="World" instance=ExtResource("11_s1f4a")]
transform = Transform3D(-0.753678, 0, -0.657244, 0, 1, 0, 0.657244, 0, -0.753678, -62.5577, 9.14649, -5.49785)

[node name="trap-spikes24" parent="World" instance=ExtResource("11_s1f4a")]
transform = Transform3D(-0.753678, 0, -0.657244, 0, 1, 0, 0.657244, 0, -0.753678, -61.804, 9.14649, -6.1551)

[node name="trap-spikes25" parent="World" instance=ExtResource("11_s1f4a")]
transform = Transform3D(-0.753678, 0, -0.657244, 0, 1, 0, 0.657244, 0, -0.753678, -61.0503, 9.14649, -6.81234)

[node name="trap-spikes26" parent="World" instance=ExtResource("11_s1f4a")]
transform = Transform3D(-0.753678, 0, -0.657244, 0, 1, 0, 0.657244, 0, -0.753678, -72.3555, 9.14649, 3.04632)

[node name="trap-spikes27" parent="World" instance=ExtResource("11_s1f4a")]
transform = Transform3D(-0.753678, 0, -0.657244, 0, 1, 0, 0.657244, 0, -0.753678, -71.6018, 9.14649, 2.38907)

[node name="trap-spikes28" parent="World" instance=ExtResource("11_s1f4a")]
transform = Transform3D(-0.753678, 0, -0.657244, 0, 1, 0, 0.657244, 0, -0.753678, -70.8481, 9.14649, 1.73183)

[node name="trap-spikes29" parent="World" instance=ExtResource("11_s1f4a")]
transform = Transform3D(-0.753678, 0, -0.657244, 0, 1, 0, 0.657244, 0, -0.753678, -70.0945, 9.14649, 1.07458)

[node name="trap-spikes30" parent="World" instance=ExtResource("11_s1f4a")]
transform = Transform3D(-0.753678, 0, -0.657244, 0, 1, 0, 0.657244, 0, -0.753678, -69.3408, 9.14649, 0.417341)

[node name="trap-spikes31" parent="World" instance=ExtResource("11_s1f4a")]
transform = Transform3D(-0.753678, 0, -0.657244, 0, 1, 0, 0.657244, 0, -0.753678, -68.5871, 9.14649, -0.239902)

[node name="trap-spikes32" parent="World" instance=ExtResource("11_s1f4a")]
transform = Transform3D(-0.753678, 0, -0.657244, 0, 1, 0, 0.657244, 0, -0.753678, -67.8334, 9.14649, -0.897145)

[node name="trap-spikes33" parent="World" instance=ExtResource("11_s1f4a")]
transform = Transform3D(-0.753678, 0, -0.657244, 0, 1, 0, 0.657244, 0, -0.753678, -66.2296, 9.14649, -3.62256)

[node name="trap-spikes34" parent="World" instance=ExtResource("11_s1f4a")]
transform = Transform3D(-0.753678, 0, -0.657244, 0, 1, 0, 0.657244, 0, -0.753678, -65.476, 9.14649, -4.2798)

[node name="trap-spikes35" parent="World" instance=ExtResource("11_s1f4a")]
transform = Transform3D(-0.753678, 0, -0.657244, 0, 1, 0, 0.657244, 0, -0.753678, -64.7223, 9.14649, -4.93704)

[node name="trap-spikes36" parent="World" instance=ExtResource("11_s1f4a")]
transform = Transform3D(-0.753678, 0, -0.657244, 0, 1, 0, 0.657244, 0, -0.753678, -63.9686, 9.14649, -5.59429)

[node name="trap-spikes37" parent="World" instance=ExtResource("11_s1f4a")]
transform = Transform3D(-0.753678, 0, -0.657244, 0, 1, 0, 0.657244, 0, -0.753678, -63.2149, 9.14649, -6.25153)

[node name="trap-spikes38" parent="World" instance=ExtResource("11_s1f4a")]
transform = Transform3D(-0.753678, 0, -0.657244, 0, 1, 0, 0.657244, 0, -0.753678, -62.4612, 9.14649, -6.90877)

[node name="trap-spikes39" parent="World" instance=ExtResource("11_s1f4a")]
transform = Transform3D(-0.753678, 0, -0.657244, 0, 1, 0, 0.657244, 0, -0.753678, -61.7076, 9.14649, -7.56602)

[node name="trap-spikes40" parent="World" instance=ExtResource("11_s1f4a")]
transform = Transform3D(-0.753678, 0, -0.657244, 0, 1, 0, 0.657244, 0, -0.753678, -72.8436, 9.14649, 2.14519)

[node name="trap-spikes41" parent="World" instance=ExtResource("11_s1f4a")]
transform = Transform3D(-0.753678, 0, -0.657244, 0, 1, 0, 0.657244, 0, -0.753678, -72.259, 9.14649, 1.63539)

[node name="trap-spikes42" parent="World" instance=ExtResource("11_s1f4a")]
transform = Transform3D(-0.753678, 0, -0.657244, 0, 1, 0, 0.657244, 0, -0.753678, -71.5054, 9.14649, 0.97815)

[node name="trap-spikes43" parent="World" instance=ExtResource("11_s1f4a")]
transform = Transform3D(-0.753678, 0, -0.657244, 0, 1, 0, 0.657244, 0, -0.753678, -70.7517, 9.14649, 0.320907)

[node name="trap-spikes44" parent="World" instance=ExtResource("11_s1f4a")]
transform = Transform3D(-0.753678, 0, -0.657244, 0, 1, 0, 0.657244, 0, -0.753678, -69.998, 9.14649, -0.336336)

[node name="trap-spikes45" parent="World" instance=ExtResource("11_s1f4a")]
transform = Transform3D(-0.753678, 0, -0.657244, 0, 1, 0, 0.657244, 0, -0.753678, -69.2443, 9.14649, -0.99358)

[node name="trap-spikes46" parent="World" instance=ExtResource("11_s1f4a")]
transform = Transform3D(-0.753678, 0, -0.657244, 0, 1, 0, 0.657244, 0, -0.753678, -68.4874, 9.15427, -1.64655)

[node name="trap-spikes62" parent="World" instance=ExtResource("11_s1f4a")]
transform = Transform3D(-0.753678, 0, -0.657244, 0, 1, 0, 0.657244, 0, -0.753678, -72.9163, 9.14649, 0.881716)

[node name="trap-spikes63" parent="World" instance=ExtResource("11_s1f4a")]
transform = Transform3D(-0.753678, 0, -0.657244, 0, 1, 0, 0.657244, 0, -0.753678, -72.1626, 9.14649, 0.224472)

[node name="trap-spikes64" parent="World" instance=ExtResource("11_s1f4a")]
transform = Transform3D(-0.753678, 0, -0.657244, 0, 1, 0, 0.657244, 0, -0.753678, -71.4089, 9.14649, -0.432771)

[node name="trap-spikes65" parent="World" instance=ExtResource("11_s1f4a")]
transform = Transform3D(-0.753678, 0, -0.657244, 0, 1, 0, 0.657244, 0, -0.753678, -70.6553, 9.14649, -1.09001)

[node name="trap-spikes66" parent="World" instance=ExtResource("11_s1f4a")]
transform = Transform3D(-0.753678, 0, -0.657244, 0, 1, 0, 0.657244, 0, -0.753678, -69.9016, 9.14649, -1.74726)

[node name="trap-spikes67" parent="World" instance=ExtResource("11_s1f4a")]
transform = Transform3D(-0.753678, 0, -0.657244, 0, 1, 0, 0.657244, 0, -0.753678, -69.1446, 9.15427, -2.40023)

[node name="trap-spikes159" parent="World" instance=ExtResource("11_s1f4a")]
transform = Transform3D(-0.753678, 0, -0.657244, 0, 1, 0, 0.657244, 0, -0.753678, -68.3909, 9.15427, -3.05747)

[node name="trap-spikes160" parent="World" instance=ExtResource("11_s1f4a")]
transform = Transform3D(-0.753678, 0, -0.657244, 0, 1, 0, 0.657244, 0, -0.753678, -67.6372, 9.15427, -3.71472)

[node name="trap-spikes161" parent="World" instance=ExtResource("11_s1f4a")]
transform = Transform3D(-0.753678, 0, -0.657244, 0, 1, 0, 0.657244, 0, -0.753678, -67.7337, 9.15427, -2.3038)

[node name="trap-spikes162" parent="World" instance=ExtResource("11_s1f4a")]
transform = Transform3D(-0.753678, 0, -0.657244, 0, 1, 0, 0.657244, 0, -0.753678, -66.98, 9.15427, -2.96104)

[node name="trap-spikes163" parent="World" instance=ExtResource("11_s1f4a")]
transform = Transform3D(-0.753678, 0, -0.657244, 0, 1, 0, 0.657244, 0, -0.753678, -65.0083, 9.15427, -0.700006)

[node name="trap-spikes164" parent="World" instance=ExtResource("11_s1f4a")]
transform = Transform3D(-0.753678, 0, -0.657244, 0, 1, 0, 0.657244, 0, -0.753678, -65.7619, 9.15427, -0.0427617)

[node name="trap-spikes165" parent="World" instance=ExtResource("11_s1f4a")]
transform = Transform3D(-0.753678, 0, -0.657244, 0, 1, 0, 0.657244, 0, -0.753678, -66.4192, 9.15427, -0.79644)

[node name="trap-spikes166" parent="World" instance=ExtResource("11_s1f4a")]
transform = Transform3D(-0.753678, 0, -0.657244, 0, 1, 0, 0.657244, 0, -0.753678, -65.6655, 9.15427, -1.45368)

[node name="trap-spikes69" parent="World" instance=ExtResource("11_s1f4a")]
transform = Transform3D(-0.753678, 0, -0.657244, 0, 1, 0, 0.657244, 0, -0.753678, -70.2873, 9.14649, 3.89643)

[node name="trap-spikes70" parent="World" instance=ExtResource("11_s1f4a")]
transform = Transform3D(-0.753678, 0, -0.657244, 0, 1, 0, 0.657244, 0, -0.753678, -69.5336, 9.14649, 3.23918)

[node name="trap-spikes71" parent="World" instance=ExtResource("11_s1f4a")]
transform = Transform3D(-0.753678, 0, -0.657244, 0, 1, 0, 0.657244, 0, -0.753678, -68.78, 9.14649, 2.58194)

[node name="trap-spikes72" parent="World" instance=ExtResource("11_s1f4a")]
transform = Transform3D(-0.753678, 0, -0.657244, 0, 1, 0, 0.657244, 0, -0.753678, -68.0263, 9.14649, 1.9247)

[node name="trap-spikes73" parent="World" instance=ExtResource("11_s1f4a")]
transform = Transform3D(-0.753678, 0, -0.657244, 0, 1, 0, 0.657244, 0, -0.753678, -67.2726, 9.14649, 1.26745)

[node name="trap-spikes74" parent="World" instance=ExtResource("11_s1f4a")]
transform = Transform3D(-0.753678, 0, -0.657244, 0, 1, 0, 0.657244, 0, -0.753678, -66.5156, 9.15427, 0.614484)

[node name="trap-spikes75" parent="World" instance=ExtResource("11_s1f4a")]
transform = Transform3D(-0.753678, 0, -0.657244, 0, 1, 0, 0.657244, 0, -0.753678, -64.2537, 9.14649, -1.36518)

[node name="trap-spikes76" parent="World" instance=ExtResource("11_s1f4a")]
transform = Transform3D(-0.753678, 0, -0.657244, 0, 1, 0, 0.657244, 0, -0.753678, -63.5042, 9.14649, -2.01876)

[node name="trap-spikes77" parent="World" instance=ExtResource("11_s1f4a")]
transform = Transform3D(-0.753678, 0, -0.657244, 0, 1, 0, 0.657244, 0, -0.753678, -62.7505, 9.14649, -2.67601)

[node name="trap-spikes78" parent="World" instance=ExtResource("11_s1f4a")]
transform = Transform3D(-0.753678, 0, -0.657244, 0, 1, 0, 0.657244, 0, -0.753678, -61.9969, 9.14649, -3.33325)

[node name="trap-spikes79" parent="World" instance=ExtResource("11_s1f4a")]
transform = Transform3D(-0.753678, 0, -0.657244, 0, 1, 0, 0.657244, 0, -0.753678, -61.2432, 9.14649, -3.9905)

[node name="trap-spikes80" parent="World" instance=ExtResource("11_s1f4a")]
transform = Transform3D(-0.753678, 0, -0.657244, 0, 1, 0, 0.657244, 0, -0.753678, -60.4895, 9.14649, -4.64774)

[node name="trap-spikes82" parent="World" instance=ExtResource("11_s1f4a")]
transform = Transform3D(-0.753678, 0, -0.657244, 0, 1, 0, 0.657244, 0, -0.753678, -66.8929, 9.14649, -4.37098)

[node name="trap-spikes83" parent="World" instance=ExtResource("11_s1f4a")]
transform = Transform3D(-0.753678, 0, -0.657244, 0, 1, 0, 0.657244, 0, -0.753678, -66.1332, 9.14649, -5.03348)

[node name="trap-spikes84" parent="World" instance=ExtResource("11_s1f4a")]
transform = Transform3D(-0.753678, 0, -0.657244, 0, 1, 0, 0.657244, 0, -0.753678, -65.3795, 9.14649, -5.69072)

[node name="trap-spikes85" parent="World" instance=ExtResource("11_s1f4a")]
transform = Transform3D(-0.753678, 0, -0.657244, 0, 1, 0, 0.657244, 0, -0.753678, -64.6258, 9.14649, -6.34797)

[node name="trap-spikes86" parent="World" instance=ExtResource("11_s1f4a")]
transform = Transform3D(-0.753678, 0, -0.657244, 0, 1, 0, 0.657244, 0, -0.753678, -63.8722, 9.14649, -7.00521)

[node name="trap-spikes87" parent="World" instance=ExtResource("11_s1f4a")]
transform = Transform3D(-0.753678, 0, -0.657244, 0, 1, 0, 0.657244, 0, -0.753678, -63.1185, 9.14649, -7.66245)

[node name="trap-spikes47" parent="World" instance=ExtResource("11_s1f4a")]
transform = Transform3D(-0.753678, 0, -0.657244, 0, 1, 0, 0.657244, 0, -0.753678, -64.9151, 9.14649, -2.1152)

[node name="trap-spikes48" parent="World" instance=ExtResource("11_s1f4a")]
transform = Transform3D(-0.753678, 0, -0.657244, 0, 1, 0, 0.657244, 0, -0.753678, -64.1615, 9.14649, -2.77244)

[node name="trap-spikes49" parent="World" instance=ExtResource("11_s1f4a")]
transform = Transform3D(-0.753678, 0, -0.657244, 0, 1, 0, 0.657244, 0, -0.753678, -63.4078, 9.14649, -3.42969)

[node name="trap-spikes50" parent="World" instance=ExtResource("11_s1f4a")]
transform = Transform3D(-0.753678, 0, -0.657244, 0, 1, 0, 0.657244, 0, -0.753678, -62.6541, 9.14649, -4.08693)

[node name="trap-spikes51" parent="World" instance=ExtResource("11_s1f4a")]
transform = Transform3D(-0.753678, 0, -0.657244, 0, 1, 0, 0.657244, 0, -0.753678, -61.9004, 9.14649, -4.74417)

[node name="trap-spikes52" parent="World" instance=ExtResource("11_s1f4a")]
transform = Transform3D(-0.753678, 0, -0.657244, 0, 1, 0, 0.657244, 0, -0.753678, -61.1467, 9.14649, -5.40142)

[node name="trap-spikes53" parent="World" instance=ExtResource("11_s1f4a")]
transform = Transform3D(-0.753678, 0, -0.657244, 0, 1, 0, 0.657244, 0, -0.753678, -60.3931, 9.14649, -6.05866)

[node name="trap-spikes54" parent="World" instance=ExtResource("11_s1f4a")]
transform = Transform3D(-0.753678, 0, -0.657244, 0, 1, 0, 0.657244, 0, -0.753678, -71.5045, 9.14649, 3.66586)

[node name="trap-spikes55" parent="World" instance=ExtResource("11_s1f4a")]
transform = Transform3D(-0.753678, 0, -0.657244, 0, 1, 0, 0.657244, 0, -0.753678, -70.9446, 9.14649, 3.14275)

[node name="trap-spikes56" parent="World" instance=ExtResource("11_s1f4a")]
transform = Transform3D(-0.753678, 0, -0.657244, 0, 1, 0, 0.657244, 0, -0.753678, -70.1909, 9.14649, 2.48551)

[node name="trap-spikes57" parent="World" instance=ExtResource("11_s1f4a")]
transform = Transform3D(-0.753678, 0, -0.657244, 0, 1, 0, 0.657244, 0, -0.753678, -69.4372, 9.14649, 1.82826)

[node name="trap-spikes58" parent="World" instance=ExtResource("11_s1f4a")]
transform = Transform3D(-0.753678, 0, -0.657244, 0, 1, 0, 0.657244, 0, -0.753678, -68.6835, 9.14649, 1.17102)

[node name="trap-spikes59" parent="World" instance=ExtResource("11_s1f4a")]
transform = Transform3D(-0.753678, 0, -0.657244, 0, 1, 0, 0.657244, 0, -0.753678, -67.9299, 9.14649, 0.513776)

[node name="trap-spikes60" parent="World" instance=ExtResource("11_s1f4a")]
transform = Transform3D(-0.753678, 0, -0.657244, 0, 1, 0, 0.657244, 0, -0.753678, -67.1762, 9.14649, -0.143467)

[node name="trap-spikes89" parent="World" instance=ExtResource("11_s1f4a")]
transform = Transform3D(-0.995197, 0, 0.0978955, 0, 1, 0, -0.0978955, 0, -0.995197, -65.2126, 1.75841, -1.7461)

[node name="trap-spikes90" parent="World" instance=ExtResource("11_s1f4a")]
transform = Transform3D(-0.995197, 0, 0.0978955, 0, 1, 0, -0.0978955, 0, -0.995197, -64.2175, 1.75841, -1.64821)

[node name="trap-spikes91" parent="World" instance=ExtResource("11_s1f4a")]
transform = Transform3D(-0.995197, 0, 0.0978955, 0, 1, 0, -0.0978955, 0, -0.995197, -63.2223, 1.75841, -1.55031)

[node name="trap-spikes92" parent="World" instance=ExtResource("11_s1f4a")]
transform = Transform3D(-0.995197, 0, 0.0978955, 0, 1, 0, -0.0978955, 0, -0.995197, -62.2271, 1.75841, -1.45241)

[node name="trap-spikes93" parent="World" instance=ExtResource("11_s1f4a")]
transform = Transform3D(-0.995197, 0, 0.0978955, 0, 1, 0, -0.0978955, 0, -0.995197, -61.2319, 1.75841, -1.35452)

[node name="trap-spikes94" parent="World" instance=ExtResource("11_s1f4a")]
transform = Transform3D(-0.995197, 0, 0.0978955, 0, 1, 0, -0.0978955, 0, -0.995197, -60.2367, 1.75841, -1.25662)

[node name="trap-spikes95" parent="World" instance=ExtResource("11_s1f4a")]
transform = Transform3D(-0.995197, 0, 0.0978955, 0, 1, 0, -0.0978955, 0, -0.995197, -59.2415, 1.75841, -1.15873)

[node name="trap-spikes96" parent="World" instance=ExtResource("11_s1f4a")]
transform = Transform3D(-0.995197, 0, 0.0978955, 0, 1, 0, -0.0978955, 0, -0.995197, -74.1694, 1.75841, -2.62716)

[node name="trap-spikes97" parent="World" instance=ExtResource("11_s1f4a")]
transform = Transform3D(-0.995197, 0, 0.0978955, 0, 1, 0, -0.0978955, 0, -0.995197, -73.1742, 1.75841, -2.52926)

[node name="trap-spikes98" parent="World" instance=ExtResource("11_s1f4a")]
transform = Transform3D(-0.995197, 0, 0.0978955, 0, 1, 0, -0.0978955, 0, -0.995197, -72.179, 1.75841, -2.43137)

[node name="trap-spikes99" parent="World" instance=ExtResource("11_s1f4a")]
transform = Transform3D(-0.995197, 0, 0.0978955, 0, 1, 0, -0.0978955, 0, -0.995197, -71.1838, 1.75841, -2.33347)

[node name="trap-spikes100" parent="World" instance=ExtResource("11_s1f4a")]
transform = Transform3D(-0.995197, 0, 0.0978955, 0, 1, 0, -0.0978955, 0, -0.995197, -70.1886, 1.75841, -2.23558)

[node name="trap-spikes101" parent="World" instance=ExtResource("11_s1f4a")]
transform = Transform3D(-0.995197, 0, 0.0978955, 0, 1, 0, -0.0978955, 0, -0.995197, -69.1934, 1.75841, -2.13768)

[node name="trap-spikes102" parent="World" instance=ExtResource("11_s1f4a")]
transform = Transform3D(-0.995197, 0, 0.0978955, 0, 1, 0, -0.0978955, 0, -0.995197, -68.1982, 1.75841, -2.03979)

[node name="trap-spikes103" parent="World" instance=ExtResource("11_s1f4a")]
transform = Transform3D(-0.995197, 0, 0.0978955, 0, 1, 0, -0.0978955, 0, -0.995197, -65.1148, 1.75841, -2.7413)

[node name="trap-spikes104" parent="World" instance=ExtResource("11_s1f4a")]
transform = Transform3D(-0.995197, 0, 0.0978955, 0, 1, 0, -0.0978955, 0, -0.995197, -64.1196, 1.75841, -2.6434)

[node name="trap-spikes105" parent="World" instance=ExtResource("11_s1f4a")]
transform = Transform3D(-0.995197, 0, 0.0978955, 0, 1, 0, -0.0978955, 0, -0.995197, -63.1244, 1.75841, -2.54551)

[node name="trap-spikes106" parent="World" instance=ExtResource("11_s1f4a")]
transform = Transform3D(-0.995197, 0, 0.0978955, 0, 1, 0, -0.0978955, 0, -0.995197, -62.1292, 1.75841, -2.44761)

[node name="trap-spikes107" parent="World" instance=ExtResource("11_s1f4a")]
transform = Transform3D(-0.995197, 0, 0.0978955, 0, 1, 0, -0.0978955, 0, -0.995197, -61.134, 1.75841, -2.34972)

[node name="trap-spikes108" parent="World" instance=ExtResource("11_s1f4a")]
transform = Transform3D(-0.995197, 0, 0.0978955, 0, 1, 0, -0.0978955, 0, -0.995197, -60.1388, 1.75841, -2.25182)

[node name="trap-spikes109" parent="World" instance=ExtResource("11_s1f4a")]
transform = Transform3D(-0.995197, 0, 0.0978955, 0, 1, 0, -0.0978955, 0, -0.995197, -59.1436, 1.75841, -2.15392)

[node name="trap-spikes110" parent="World" instance=ExtResource("11_s1f4a")]
transform = Transform3D(-0.995197, 0, 0.0978955, 0, 1, 0, -0.0978955, 0, -0.995197, -73.8483, 1.75841, -3.60039)

[node name="trap-spikes111" parent="World" instance=ExtResource("11_s1f4a")]
transform = Transform3D(-0.995197, 0, 0.0978955, 0, 1, 0, -0.0978955, 0, -0.995197, -73.0763, 1.75841, -3.52446)

[node name="trap-spikes112" parent="World" instance=ExtResource("11_s1f4a")]
transform = Transform3D(-0.995197, 0, 0.0978955, 0, 1, 0, -0.0978955, 0, -0.995197, -72.0811, 1.75841, -3.42656)

[node name="trap-spikes113" parent="World" instance=ExtResource("11_s1f4a")]
transform = Transform3D(-0.995197, 0, 0.0978955, 0, 1, 0, -0.0978955, 0, -0.995197, -71.0859, 1.75841, -3.32867)

[node name="trap-spikes114" parent="World" instance=ExtResource("11_s1f4a")]
transform = Transform3D(-0.995197, 0, 0.0978955, 0, 1, 0, -0.0978955, 0, -0.995197, -70.0907, 1.75841, -3.23077)

[node name="trap-spikes115" parent="World" instance=ExtResource("11_s1f4a")]
transform = Transform3D(-0.995197, 0, 0.0978955, 0, 1, 0, -0.0978955, 0, -0.995197, -69.0955, 1.75841, -3.13288)

[node name="trap-spikes116" parent="World" instance=ExtResource("11_s1f4a")]
transform = Transform3D(-0.995197, 0, 0.0978955, 0, 1, 0, -0.0978955, 0, -0.995197, -68.1012, 1.76618, -3.02966)

[node name="trap-spikes117" parent="World" instance=ExtResource("11_s1f4a")]
transform = Transform3D(-0.995197, 0, 0.0978955, 0, 1, 0, -0.0978955, 0, -0.995197, -73.7504, 1.75841, -4.59559)

[node name="trap-spikes118" parent="World" instance=ExtResource("11_s1f4a")]
transform = Transform3D(-0.995197, 0, 0.0978955, 0, 1, 0, -0.0978955, 0, -0.995197, -72.9784, 1.75841, -4.51966)

[node name="trap-spikes119" parent="World" instance=ExtResource("11_s1f4a")]
transform = Transform3D(-0.995197, 0, 0.0978955, 0, 1, 0, -0.0978955, 0, -0.995197, -71.9832, 1.75841, -4.42176)

[node name="trap-spikes120" parent="World" instance=ExtResource("11_s1f4a")]
transform = Transform3D(-0.995197, 0, 0.0978955, 0, 1, 0, -0.0978955, 0, -0.995197, -70.988, 1.75841, -4.32387)

[node name="trap-spikes121" parent="World" instance=ExtResource("11_s1f4a")]
transform = Transform3D(-0.995197, 0, 0.0978955, 0, 1, 0, -0.0978955, 0, -0.995197, -69.9928, 1.75841, -4.22597)

[node name="trap-spikes122" parent="World" instance=ExtResource("11_s1f4a")]
transform = Transform3D(-0.995197, 0, 0.0978955, 0, 1, 0, -0.0978955, 0, -0.995197, -68.9977, 1.75841, -4.12808)

[node name="trap-spikes123" parent="World" instance=ExtResource("11_s1f4a")]
transform = Transform3D(-0.995197, 0, 0.0978955, 0, 1, 0, -0.0978955, 0, -0.995197, -68.0033, 1.76618, -4.02485)

[node name="trap-spikes124" parent="World" instance=ExtResource("11_s1f4a")]
transform = Transform3D(-0.995197, 0, 0.0978955, 0, 1, 0, -0.0978955, 0, -0.995197, -74.1419, 1.75841, -0.614805)

[node name="trap-spikes125" parent="World" instance=ExtResource("11_s1f4a")]
transform = Transform3D(-0.995197, 0, 0.0978955, 0, 1, 0, -0.0978955, 0, -0.995197, -73.37, 1.75841, -0.538869)

[node name="trap-spikes126" parent="World" instance=ExtResource("11_s1f4a")]
transform = Transform3D(-0.995197, 0, 0.0978955, 0, 1, 0, -0.0978955, 0, -0.995197, -72.3748, 1.75841, -0.440975)

[node name="trap-spikes127" parent="World" instance=ExtResource("11_s1f4a")]
transform = Transform3D(-0.995197, 0, 0.0978955, 0, 1, 0, -0.0978955, 0, -0.995197, -71.3796, 1.75841, -0.343078)

[node name="trap-spikes128" parent="World" instance=ExtResource("11_s1f4a")]
transform = Transform3D(-0.995197, 0, 0.0978955, 0, 1, 0, -0.0978955, 0, -0.995197, -70.3844, 1.75841, -0.245183)

[node name="trap-spikes129" parent="World" instance=ExtResource("11_s1f4a")]
transform = Transform3D(-0.995197, 0, 0.0978955, 0, 1, 0, -0.0978955, 0, -0.995197, -69.3892, 1.75841, -0.147287)

[node name="trap-spikes130" parent="World" instance=ExtResource("11_s1f4a")]
transform = Transform3D(-0.995197, 0, 0.0978955, 0, 1, 0, -0.0978955, 0, -0.995197, -68.3949, 1.76618, -0.0440693)

[node name="trap-spikes131" parent="World" instance=ExtResource("11_s1f4a")]
transform = Transform3D(-0.995197, 0, 0.0978955, 0, 1, 0, -0.0978955, 0, -0.995197, -65.4029, 1.75841, 0.244838)

[node name="trap-spikes132" parent="World" instance=ExtResource("11_s1f4a")]
transform = Transform3D(-0.995197, 0, 0.0978955, 0, 1, 0, -0.0978955, 0, -0.995197, -64.4132, 1.75841, 0.342188)

[node name="trap-spikes133" parent="World" instance=ExtResource("11_s1f4a")]
transform = Transform3D(-0.995197, 0, 0.0978955, 0, 1, 0, -0.0978955, 0, -0.995197, -63.418, 1.75841, 0.440083)

[node name="trap-spikes134" parent="World" instance=ExtResource("11_s1f4a")]
transform = Transform3D(-0.995197, 0, 0.0978955, 0, 1, 0, -0.0978955, 0, -0.995197, -62.4229, 1.75841, 0.537979)

[node name="trap-spikes135" parent="World" instance=ExtResource("11_s1f4a")]
transform = Transform3D(-0.995197, 0, 0.0978955, 0, 1, 0, -0.0978955, 0, -0.995197, -61.4277, 1.75841, 0.635874)

[node name="trap-spikes136" parent="World" instance=ExtResource("11_s1f4a")]
transform = Transform3D(-0.995197, 0, 0.0978955, 0, 1, 0, -0.0978955, 0, -0.995197, -60.4325, 1.75841, 0.733771)

[node name="trap-spikes137" parent="World" instance=ExtResource("11_s1f4a")]
transform = Transform3D(-0.995197, 0, 0.0978955, 0, 1, 0, -0.0978955, 0, -0.995197, -59.4381, 1.76618, 0.836991)

[node name="trap-spikes138" parent="World" instance=ExtResource("11_s1f4a")]
transform = Transform3D(-0.995197, 0, 0.0978955, 0, 1, 0, -0.0978955, 0, -0.995197, -65.0248, 1.75841, -3.73727)

[node name="trap-spikes139" parent="World" instance=ExtResource("11_s1f4a")]
transform = Transform3D(-0.995197, 0, 0.0978955, 0, 1, 0, -0.0978955, 0, -0.995197, -64.0217, 1.75841, -3.6386)

[node name="trap-spikes140" parent="World" instance=ExtResource("11_s1f4a")]
transform = Transform3D(-0.995197, 0, 0.0978955, 0, 1, 0, -0.0978955, 0, -0.995197, -63.0265, 1.75841, -3.5407)

[node name="trap-spikes141" parent="World" instance=ExtResource("11_s1f4a")]
transform = Transform3D(-0.995197, 0, 0.0978955, 0, 1, 0, -0.0978955, 0, -0.995197, -62.0313, 1.75841, -3.44281)

[node name="trap-spikes142" parent="World" instance=ExtResource("11_s1f4a")]
transform = Transform3D(-0.995197, 0, 0.0978955, 0, 1, 0, -0.0978955, 0, -0.995197, -61.0361, 1.75841, -3.34491)

[node name="trap-spikes143" parent="World" instance=ExtResource("11_s1f4a")]
transform = Transform3D(-0.995197, 0, 0.0978955, 0, 1, 0, -0.0978955, 0, -0.995197, -60.0409, 1.75841, -3.24702)

[node name="trap-spikes144" parent="World" instance=ExtResource("11_s1f4a")]
transform = Transform3D(-0.995197, 0, 0.0978955, 0, 1, 0, -0.0978955, 0, -0.995197, -59.0465, 1.76618, -3.1438)

[node name="trap-spikes145" parent="World" instance=ExtResource("11_s1f4a")]
transform = Transform3D(-0.995197, 0, 0.0978955, 0, 1, 0, -0.0978955, 0, -0.995197, -65.3105, 1.75841, -0.750903)

[node name="trap-spikes146" parent="World" instance=ExtResource("11_s1f4a")]
transform = Transform3D(-0.995197, 0, 0.0978955, 0, 1, 0, -0.0978955, 0, -0.995197, -64.3154, 1.75841, -0.653006)

